A_CP = -0.405064 +/- 0.00027041 L(-1 - 1) 
A_CP_bkg = -0.00325244 +/- 0.00042645 L(-1 - 1) 
Nbkg =  8179419 +/- 15702 L(0 - 1e+09) 
Nsig =  16796379 +/- 15920 L(0 - 1e+09) 
am = -0.0296197 +/- 0.0033877 L(-5 - 5) 
ap = -0.0315254 +/- 0.0033741 L(-5 - 5) 
bm = -0.000837441 +/- 0.00013223 L(-5 - 5) 
bp = -0.000683545 +/- 0.00013167 L(-5 - 5) 
dj1p =  2.2187 +/- 0.0060462 L(0.01 - 10) 
dj2p =  0.052428 +/- 0.0077321 L(0.001 - 10) 
dj3p =  1.9716 +/- 0.041558 L(0.01 - 10) 
dummyBlindState = Blind
frac1p =  0.74051 +/- 0.0029254 L(0.01 - 1) 
frac2p =  0.65687 +/- 0.0086988 L(0.01 - 1) 
frac3p =  0.85260 +/- 0.016380 L(0.01 - 1) 
gamj1p =  0.079084 +/- 0.0033494 L(-10 - 10) 
gamj2p = -0.690795 +/- 0.098679 L(-10 - 10) 
gamj3p =  0.026789 +/- 0.021475 L(-10 - 10) 
m0 =  2004.4 +/- 0.00030316 L(2003 - 2004.4) // [MeV/c^2]
mu1m =  2010.3 +/- 0.00087604 L(2009 - 2011) 
mu1p =  2010.3 +/- 0.00088383 L(2009 - 2011) 
mu2m =  2010.2 +/- 0.0089614 L(2009 - 2011) 
mu2p =  2010.1 +/- 0.0085210 L(2009 - 2011) 
mu3m =  2010.4 +/- 0.012462 L(2009 - 2011) 
mu3p =  2010.4 +/- 0.012596 L(2009 - 2011) 
mug_p =  2010.0 +/- 0.012801 L(2009 - 2011) 
rho = -0.644150 +/- 0.015771 L(-5 - 5) 
sg_p =  0.16406 +/- 0.0074428 L(0.01 - 5) 
sigj1p =  0.59972 +/- 0.0016157 L(0 - 1) 
sigj2p =  0.19937 +/- 0.0076256 L(0 - 1) 
sigj3p =  0.96129 +/- 0.024412 L(0 - 1) 
